camera_matrix:
- - 1248.5760639625444
  - 0.0
  - 989.2135841605649
- - 0.0
  - 1257.8514140114526
  - 554.4067674106441
- - 0.0
  - 0.0
  - 1.0
dist_coeff:
- - -0.399778565825685
  - 0.21533311253772797
  - -0.0011367130404803054
  - 0.00020378877517147692
  - -0.06376435116295241