camera_matrix:
- - 1026.3234148275485
  - 0.0
  - 980.6596250638611
- - 0.0
  - 1028.4910824135488
  - 551.4877971192501
- - 0.0
  - 0.0
  - 1.0
dist_coeff:
- - -0.2574361278283897
  - 0.08066524931978585
  - 0.0004908807835318183
  - 0.0007518950406600263
  - -0.012442323718423028
