camera_matrix:
- - 1255.0433818767751
  - 0.0
  - 989.417302511028
- - 0.0
  - 1264.8678245441426
  - 551.3071662936244
- - 0.0
  - 0.0
  - 1.0
dist_coeff:
- - -0.4019975629415068
  - 0.21855039627534176
  - -0.0005500500885920511
  - 0.00011051166294661148
  - -0.06537461506786446
