camera_server_ip: "192.168.111.1"
camera_server_port: 9999
image_width: 1920
image_height: 1080
camera_matrix:
- - 1254.9086631872176
  - 0.0
  - 1001.8711926600247
- - 0.0
  - 1258.9000885674702
  - 551.2156190689843
- - 0.0
  - 0.0
  - 1.0
dist_coeff:
- - -0.4004486439793733
  - 0.2106824447096251
  - -0.000240543913508847
  - -0.0013062327622668823
  - -0.06153362032103862
